1.248157821221837338e+01
1.199714823702876387e+01
1.176584040557681021e+01
1.277032500329558395e+01
1.372294664614634385e+01
1.449614560779268047e+01
1.347535383529687181e+01
1.362484360766471170e+01
1.404877574659145267e+01
1.499226365737664324e+01
1.423081668055812976e+01
1.435051012888405353e+01
1.327321610749184089e+01
1.257287607907964855e+01
1.383821630208954012e+01
1.493103263354844223e+01
1.453807434917559327e+01
1.570568729746191217e+01
1.564647070827745878e+01
1.495446885959992578e+01
1.552801813375160478e+01
1.684118810459690962e+01
1.622729226377367340e+01
1.785337544545728150e+01
1.446046784231672433e+01
1.635419584340244370e+01
1.573770492697465428e+01
1.554987435873965751e+01
1.564299686987169125e+01
1.356319151494401964e+01
1.411114208209040832e+01
1.439275527524919696e+01
1.584688983451815680e+01
1.480769026501200436e+01
1.433018750646946238e+01
1.403866253980074141e+01
1.513765589352335716e+01
1.512294340771392243e+01
1.458530260891832242e+01
1.530133202077852594e+01
1.515346754449065081e+01
1.615112512346083662e+01
1.503466224354634306e+01
1.503847273656828776e+01
1.464137416187271690e+01
1.333285136996199682e+01
1.418824334760358852e+01
1.427385669173064109e+01
1.432590047596192129e+01
1.414311015972119812e+01
1.286826549657088137e+01
1.304324702309352801e+01
1.284371334630061057e+01
1.231692484548680433e+01
1.258198319951625699e+01
1.314831823017033408e+01
1.504977179916760655e+01
1.464893636138350175e+01
1.506184374730314524e+01
1.485734124103076859e+01
1.301418665351036097e+01
1.373920048896622781e+01
1.370800649937387128e+01
1.630980615879947848e+01
1.520592468031072464e+01
1.581804399815989015e+01
1.551789203328390698e+01
1.438747038179877791e+01
1.593067265357946027e+01
1.612657773937408479e+01
1.674618038674133658e+01
1.547629409906228659e+01
1.721242488639587265e+01
1.506849209876392770e+01
1.629167981897738571e+01
1.798601114682558944e+01
1.618857430865788061e+01
1.604265019963963113e+01
1.608181377746878482e+01
1.545840767225695878e+01
1.404892530552867846e+01
1.463544045980032138e+01
1.343363815381269077e+01
1.442440746086288961e+01
1.326531168842773667e+01
1.533644365633304751e+01
1.389820640799191231e+01
1.411779542548938693e+01
1.495365639506087518e+01
1.347666814824938442e+01
1.429955774207202168e+01
1.542987784400045470e+01
1.344031079446065213e+01
1.437778368840883125e+01
1.441864624563191555e+01
1.524634572567910773e+01
1.373645059821895664e+01
1.299531746355082973e+01
1.394006722321308267e+01
1.405962024622628448e+01
1.436828516504557207e+01
1.468530538239220462e+01
1.394164405737050316e+01
1.450283174630096461e+01
1.467726473829040934e+01
1.394285694883816618e+01
1.613466810193477841e+01
1.583749086672410478e+01
1.465159145341224622e+01
1.569875574069840773e+01
1.434004921021539758e+01
1.560074085208121275e+01
1.632105485332075290e+01
1.515217284926510288e+01
1.645099629479960868e+01
1.632903055859579311e+01
1.705477738359184769e+01
1.852836858038779511e+01
1.748806624730735848e+01
1.679761415814326142e+01
1.593547393945264012e+01
1.528475832614912200e+01
1.537439546811116209e+01
1.565121675352807529e+01
1.577973949188021408e+01
1.649039197022257497e+01
1.614115892157551357e+01
1.758534702116939741e+01
1.662889905593633699e+01
1.947311270650224202e+01
1.879820468844725312e+01
1.776369906860274028e+01
1.672678834963470607e+01
1.734765514560483268e+01
1.670316680692745948e+01
1.744019712193001581e+01
1.744830593980979216e+01
1.712821378780800430e+01
1.616462633655933701e+01
1.482239271359213895e+01
1.479630857705606140e+01
1.568090175463474978e+01
1.556152737002787312e+01
1.429544816969515963e+01
1.491890803867664061e+01
1.512529665384336930e+01
1.416699296770788052e+01
1.469150988272326508e+01
1.462321253839232327e+01
1.353841019002175017e+01
1.436779723587902957e+01
1.474298592490217708e+01
1.573918196888029186e+01
1.642020701083373169e+01
1.469620942920723472e+01
1.430596272085933762e+01
1.500747572848643330e+01
1.531006020426186964e+01
1.570332652740910007e+01
1.936774546837874311e+01
1.840253574994314434e+01
1.948741073066010543e+01
1.966720892687220967e+01
1.979793982662715734e+01
1.896365732939761273e+01
1.957654556611998231e+01
1.816219932395370051e+01
1.803346465746820471e+01
1.728337504383792833e+01
1.736193856292954152e+01
1.941683421758261119e+01
1.649141690683667960e+01
1.790616059975130625e+01
1.557840556071213634e+01
1.574695965056324098e+01
1.671064805551894850e+01
1.631475674757580308e+01
1.522430368727186156e+01
1.481370552737588930e+01
1.563511217154176691e+01
1.459481232942068907e+01
1.516387963869691902e+01
1.502234332194817057e+01
1.441096953717216245e+01
1.679722880821307385e+01
1.653554716839750327e+01
1.443535435684481705e+01
1.530833107939556825e+01
1.435381848992239817e+01
1.555722375256833345e+01
1.434795906008501731e+01
1.466120612035460979e+01
1.510609866921872602e+01
1.582777623180774107e+01
1.432819893279448742e+01
1.451075099337806584e+01
1.402996496470422905e+01
1.361787504426224338e+01
1.564516875624971171e+01
1.537744547798945405e+01
1.415913395933354124e+01
1.552657596605173573e+01
1.718584196444373546e+01
1.750194322903290711e+01
1.563754856079885158e+01
1.564887803232293351e+01
1.684750253682003773e+01
1.559549546617012261e+01
1.635536746889431114e+01
1.676650317461696105e+01
1.553958167386038802e+01
1.579417460063952028e+01
1.239711192247275662e+01
1.265213189234122027e+01
1.255784456075340039e+01
1.158256312218955841e+01
1.384930254547138873e+01
1.185420908597906653e+01
1.232727172853187270e+01
1.258336634019893552e+01
1.418947461174503921e+01
1.235283251792726489e+01
1.433170564643482869e+01
1.381510620425866165e+01
1.310706676543769333e+01
1.397087539480348717e+01
1.401370496208686944e+01
1.349926871853437227e+01
1.387347480473670203e+01
1.348855190154057127e+01
1.386869092759660127e+01
1.452991080154117753e+01
1.596457057534903967e+01
1.419990008684492722e+01
1.694234459936793513e+01
1.397328898615173642e+01
1.481489167646583915e+01
1.516923890820960175e+01
1.532700271560054439e+01
1.462427378200261252e+01
1.466454283352445565e+01
1.419300690005662524e+01
1.382580223314709933e+01
1.490298550692627089e+01
1.494654746006493795e+01
1.424591453285618847e+01
1.543111283316644666e+01
1.533974158063333348e+01
1.614604091716889300e+01
1.641917586641494609e+01
1.536632278407756225e+01
1.508536539017405076e+01
1.590840967445095977e+01
1.618102568715625367e+01
1.596023672066489141e+01
1.604777712185459393e+01
1.719440218510064966e+01
1.603940305878093397e+01
1.682905987196879138e+01
1.620706418838166130e+01
1.605527527139241428e+01
1.709406127133713582e+01
1.739843569320803240e+01
1.788078943332659776e+01
1.875348317511269869e+01
1.813733057669835702e+01
1.869039626984778835e+01
1.784517017832472163e+01
1.813838734043761391e+01
1.760644040339229832e+01
1.760237640915937973e+01
1.793851499195023180e+01
1.672560123468447912e+01
1.900930251408121663e+01
1.691724449735437119e+01
1.613894883984925244e+01
1.741665352661592792e+01
1.758333946188726671e+01
1.789911955216929229e+01
1.814281907913203185e+01
1.774318054028309177e+01
1.669149967642363208e+01
1.691365852613283494e+01
1.597848330709467923e+01
1.713630727551440813e+01
1.642827197593490851e+01
1.567235817142275422e+01
1.551051065398113238e+01
1.592094529809112835e+01
1.514199582224503970e+01
1.453926068720793019e+01
1.500984237049018155e+01
1.511265019956521094e+01
1.456359965551505198e+01
1.430091654756026998e+01
1.468167976254831331e+01
1.315119848029974392e+01
1.238775924256778538e+01
1.215957086837815737e+01
1.229862314208538265e+01
1.283795271136268212e+01
1.436771478639277433e+01
1.482967430844648860e+01
1.454818049102230049e+01
1.465879437924463780e+01
1.365720141021566292e+01
1.407344602391039956e+01
1.375256939849080062e+01
1.429629400660568805e+01
1.337631627995832950e+01
1.433402448419787589e+01
1.564604848750880350e+01
1.507907628930778721e+01
1.564297204193625390e+01
1.609965010366520133e+01
1.545146120289416025e+01
1.582486423464647274e+01
1.564294930243792692e+01
1.573090495040552739e+01
1.485841797711922929e+01
1.515883244565213772e+01
1.555082315177249974e+01
1.682928723255418291e+01
1.722209011114946620e+01
1.903522269396749067e+01
1.732041308683728431e+01
1.847513529701329560e+01
1.796454710999751470e+01
2.001107178832016587e+01
1.808770892063620295e+01
1.751622504669699509e+01
1.683665505876503588e+01
1.473296482495831228e+01
1.486502039092373728e+01
1.407976902048803680e+01
1.455776131604615031e+01
1.480034347155126007e+01
1.662370531696048914e+01
1.686475006982772129e+01
1.602905798132237791e+01
1.527844513839338525e+01
1.596770364893924921e+01
1.434392252386092181e+01
1.672812337485267875e+01
1.701949090279116916e+01
1.626095590202579899e+01
1.464928628296195079e+01
1.652173091455032150e+01
1.569328458836615781e+01
1.711030633935825307e+01
1.487974152133043404e+01
1.496156179165196320e+01
1.494610323110849137e+01
1.500311106992542420e+01
1.453563213980855728e+01
1.534516253721026047e+01
1.400016673488612895e+01
1.436126931707346088e+01
1.443710724242181520e+01
1.498508397463387531e+01
1.553379743559575843e+01
1.419116156190974998e+01
1.314072199708895461e+01
1.491945848872480695e+01
1.472620570434116161e+01
1.406307443266558543e+01
1.590685834642422236e+01
1.537871197194706596e+01
1.667858187115933077e+01
1.618828119568982515e+01
1.827729120364368143e+01
1.907819992333635994e+01
1.818114316661584340e+01
1.910371682792476733e+01
1.906194899632476236e+01
2.003691600370463632e+01
1.827581084054010319e+01
1.916261276543389158e+01
1.953873539827195316e+01
1.721328558217022575e+01
1.650633345611794311e+01
1.452855357056173169e+01
1.489962534472786437e+01
1.551588353380119933e+01
1.678177477579510679e+01
1.629792470603719678e+01
1.794190280193214448e+01
1.577441763475555447e+01
1.464383898207782231e+01
1.496308098077673954e+01
1.525506573202869731e+01
1.510926898535614704e+01
1.307463901078241975e+01
1.378844406256350652e+01
1.239098864026797564e+01
1.374079895175987609e+01
1.382837420923316607e+01
1.297938442474050724e+01
1.292227600027755940e+01
1.208796740569973593e+01
1.256678414622993678e+01
1.362160302994912087e+01
1.245727101550291138e+01
1.356489003380432656e+01
1.284585770656102888e+01
1.248410880181557303e+01
1.273719223310309268e+01
1.185230565798715219e+01
1.187889175937603703e+01
1.098514886043291838e+01
1.361948197698895058e+01
1.300249739629497547e+01
1.268761752288108369e+01
1.322729964335136366e+01
1.313033699318431324e+01
1.312542248938277289e+01
1.392852129162838359e+01
1.455224723183916602e+01
1.387940357898148669e+01
1.361749807629596276e+01
1.355926822232037843e+01
1.141888919154543203e+01
1.090392291942482039e+01
1.283489477656304700e+01
1.411708145526655755e+01
1.357168126657246887e+01
1.445469015957921322e+01
1.455556863026280467e+01
1.764862903448668519e+01
1.757542292120542626e+01
1.721192487158849360e+01
1.614424135871429655e+01
1.474367595644755369e+01
1.539294161735004351e+01
1.440251701205998991e+01
1.333713898284333332e+01
1.317646560908146824e+01
1.232547305668748372e+01
1.453536515180949351e+01
1.480050076504139156e+01
1.473293736325106273e+01
1.625985678635308318e+01
1.575316358843478604e+01
1.496857098763853244e+01
1.673021574638321241e+01
1.656761078780614582e+01
1.542238504227219309e+01
1.553337558362155058e+01
1.457112260946983007e+01
1.351988650980402618e+01
