1.852158599443012577e+01
1.954929147216086704e+01
1.987891824538496621e+01
2.038681082960242463e+01
2.020597068170635424e+01
2.143827715016036350e+01
1.919617725121106844e+01
2.074223407553260401e+01
2.060365297603369683e+01
2.180814553335755335e+01
2.086731886502908750e+01
2.100672872350169840e+01
2.247879967581026506e+01
2.183905718146577613e+01
2.167347365670169523e+01
2.067052879644890240e+01
2.101732052338120127e+01
1.924239951907572177e+01
1.972267943430011528e+01
2.119809116223627399e+01
1.908088876646508680e+01
2.067309267308716514e+01
2.082453309938544805e+01
2.133668492961863095e+01
1.943007379184376049e+01
1.880570234327018397e+01
2.172532789523793184e+01
2.124209168584888019e+01
2.167112917519709470e+01
2.303524419121414368e+01
2.194833195551371574e+01
1.975531506973733187e+01
2.096676023427501079e+01
2.218326582380985812e+01
2.123719894274572795e+01
2.130961180158306334e+01
2.102535837306214006e+01
2.306371356118638261e+01
2.325438015165354244e+01
2.042550477498333450e+01
2.368351069083283278e+01
2.149430919409138596e+01
2.407385756687340006e+01
2.117932459934840139e+01
2.321478527585016849e+01
2.182179447367601455e+01
2.208392766814319685e+01
2.313601911501232777e+01
2.174860547568977509e+01
2.264033850532869607e+01
2.276554224642142543e+01
2.374760574475354247e+01
2.417871420041609909e+01
2.489958003015807364e+01
2.357201242948769249e+01
2.353038107236305621e+01
2.250614610006443783e+01
2.210424338904605435e+01
2.140812882201117873e+01
2.232706178879967851e+01
2.284315285695589637e+01
2.288354780164132052e+01
2.353536398533387697e+01
2.179569357963979215e+01
2.463249866906846819e+01
2.369356668052121861e+01
2.450650003256275156e+01
2.395186607682912694e+01
2.271650580434315359e+01
2.303464412871435485e+01
2.005285122615110183e+01
2.298487498092742953e+01
2.307607824905245764e+01
2.454638388519329339e+01
2.196666427911038610e+01
2.330379741329730336e+01
2.322830499370526169e+01
2.233595859245244597e+01
2.199869053668875907e+01
2.219097193436693161e+01
2.436867336028956288e+01
2.483294397865817160e+01
2.270570235753851307e+01
2.369266811215659629e+01
2.443568167176853123e+01
2.449771364937925355e+01
2.276988690771911195e+01
2.340764870381796925e+01
2.260952337331263706e+01
2.493641934205955479e+01
2.695059296281828054e+01
2.490236247332471464e+01
2.265568343998616641e+01
2.513024596095912599e+01
2.618755844191822035e+01
2.646847289418921534e+01
2.537425517502171601e+01
2.562851214245059950e+01
2.522003464289346297e+01
2.579463525351313535e+01
2.612997311339038475e+01
2.456784058542935512e+01
2.449562748284595060e+01
2.465031017390426626e+01
2.477655434754930752e+01
2.524978305956490132e+01
2.631183669718124207e+01
2.417306832303864184e+01
2.610497505133225005e+01
2.527857148973643575e+01
2.257982692220800658e+01
2.451563486868319330e+01
2.483597827811270875e+01
2.581895166003122100e+01
2.614164635675659554e+01
2.574279848440914620e+01
2.495378121844944985e+01
2.659081352210625226e+01
2.525625089241896859e+01
2.461615532131736117e+01
2.500357964255807275e+01
2.514014043722092850e+01
2.562541345422840777e+01
2.543293966287552266e+01
2.555457413743678430e+01
2.672011676237919175e+01
2.705192126042062029e+01
2.698540496963406454e+01
2.622865738903053057e+01
2.577371485762329684e+01
2.609935792914499331e+01
2.622562947574544623e+01
2.727550271159082484e+01
2.640850498363008114e+01
2.543246695310337557e+01
2.560409483776779993e+01
2.818155217353353592e+01
2.601059634077927996e+01
2.547562531120685847e+01
2.627922440700544016e+01
2.844526752407906045e+01
2.727917523449406190e+01
2.746157743450129374e+01
2.564332430677293928e+01
2.539779322687880381e+01
2.673583579283731737e+01
2.650483818785321333e+01
2.741560843389854440e+01
2.615102514439643144e+01
2.816465431542076203e+01
2.883504678094541163e+01
2.623113325807791441e+01
2.764257959796329800e+01
2.726826915037395338e+01
2.899525734743291139e+01
2.814594122780842866e+01
2.887048491147555396e+01
2.800471988479840491e+01
2.830752923544655530e+01
3.017166859383612376e+01
3.052623142668958423e+01
2.700876030597842714e+01
2.850507354977325392e+01
2.845183582921764653e+01
2.718080088697306707e+01
2.726998806003051712e+01
2.817413353020279843e+01
2.912650767354100623e+01
2.897661656043622713e+01
2.813799021737381167e+01
2.738912241501851952e+01
2.618464853432497819e+01
2.952811636910892901e+01
2.800411962841345215e+01
2.764573899433457527e+01
2.876884303631793571e+01
2.856035949764591564e+01
2.869391568301188400e+01
2.944018215938407579e+01
2.849502387072486798e+01
2.783381087355299144e+01
2.860082329333875251e+01
2.892309574136452710e+01
2.789918919510624917e+01
2.774975544508006564e+01
2.774452319784919752e+01
2.960148821535503671e+01
3.055897634422920106e+01
3.081510136413118062e+01
2.884654536246156908e+01
2.877947496403863070e+01
2.808794978353616756e+01
3.104030344510043093e+01
2.926529581541451464e+01
2.959532089896144313e+01
2.919627885307352599e+01
2.979562670291614168e+01
2.870176264977679992e+01
2.898013030981511307e+01
2.870411652178646378e+01
2.722216269690708401e+01
2.955382442146304456e+01
3.040852171732121789e+01
3.097988416174771942e+01
3.183900150567868081e+01
3.152951133572839026e+01
3.058555424641017240e+01
3.106320962355144033e+01
3.004960930377355410e+01
3.121487446397016896e+01
3.032455950806755141e+01
2.820459267522584312e+01
3.006123284430056941e+01
3.037056822108019105e+01
2.930275673148470617e+01
3.082586618902947961e+01
3.181284411956519165e+01
2.979680902399634235e+01
3.145648549372764435e+01
3.181889209239701088e+01
3.019399677897689926e+01
3.047345821359075657e+01
2.980811217357330634e+01
3.020343230743391771e+01
3.078354025834069319e+01
3.215634472897102825e+01
3.070840267267718815e+01
2.966593535038085605e+01
2.783697686906401714e+01
2.987051162419530570e+01
2.947663813902175889e+01
3.101694024365236402e+01
3.140534222860762270e+01
2.982449800722084987e+01
3.157176358973736896e+01
3.128655310928865774e+01
3.132337839919881972e+01
3.111471949551374294e+01
3.259747304611583019e+01
3.254889541418148724e+01
3.227872313358425060e+01
3.326327329532772126e+01
3.237232134362286473e+01
3.240818597141650770e+01
3.280474110532506415e+01
3.209831473157735360e+01
3.108513877703350659e+01
3.383433075673554669e+01
3.349863782474654528e+01
3.140253108224333545e+01
3.137808615080000507e+01
3.117448804867608914e+01
3.064728917589685508e+01
3.241991590033337900e+01
3.388925184160988380e+01
3.321983515559303157e+01
3.445621999926111556e+01
3.277178189517779572e+01
3.325333130048495889e+01
3.210021000921494050e+01
3.285225770415012647e+01
3.399683991885967771e+01
3.392201083753753466e+01
3.434812401959020889e+01
3.307302173515955701e+01
3.421954752667869570e+01
3.493687935854166682e+01
3.428560441614408205e+01
3.231583573679537835e+01
3.360787336905968203e+01
3.369606542444996933e+01
3.286785567466024816e+01
3.239875226513482431e+01
3.249921805025801547e+01
3.445336987705905329e+01
3.384546269632364357e+01
3.544499054047306430e+01
3.234164783908384777e+01
3.410627149525421231e+01
3.547493117075711666e+01
3.607628251540820230e+01
3.399408848988122145e+01
3.584344221169516942e+01
3.562347733810108963e+01
3.579884914095931236e+01
3.492046695611652751e+01
3.559680753825666244e+01
3.560915862355610528e+01
3.415704527004538704e+01
3.181321503014646268e+01
3.511076620509183499e+01
3.549624056378343084e+01
3.546362462635770640e+01
3.444290820336656367e+01
3.430754165397762989e+01
3.307944040388947116e+01
3.602670086012665962e+01
3.482957665202641095e+01
3.574328296761562740e+01
3.474876387837255720e+01
3.264569198129121474e+01
3.535087272284865634e+01
3.616053477294090612e+01
3.714087468479442578e+01
3.551953727742657208e+01
3.499076832792185598e+01
3.546921904440670659e+01
3.433110643250047644e+01
3.430944415865975827e+01
3.573819002976718195e+01
3.517257057608672000e+01
3.489675323189811706e+01
3.578758424040049135e+01
3.523595530570769796e+01
3.797660397299802781e+01
3.583676765749500959e+01
3.749755050024675285e+01
3.692449335555641454e+01
3.721394706056768342e+01
3.668256442930989891e+01
3.612496279671246668e+01
3.616065741516403875e+01
3.553718733631399829e+01
3.640058902797930074e+01
3.714735146709124081e+01
3.396801626889148906e+01
3.461144066177345735e+01
3.461846496413856755e+01
3.646166148426681985e+01
3.682124562422428227e+01
3.602974774387190848e+01
3.790806873855002834e+01
3.640227876642198623e+01
3.719280574157505015e+01
3.757621733578969980e+01
3.676321317856002935e+01
3.788171256581036772e+01
3.668096648734177734e+01
3.689491390015205496e+01
3.703291430611595558e+01
3.772880853753921571e+01
3.858957367504223157e+01
3.665677442524701490e+01
3.577391096438925189e+01
3.755750260213561376e+01
3.506880222074013176e+01
3.684760564824328100e+01
3.760480721116738323e+01
3.553403407317682650e+01
3.615873551979267830e+01
3.672033167825811972e+01
3.705572835472857918e+01
3.731441437394575189e+01
3.784737110537108151e+01
3.831879190707002181e+01
3.623073405122363511e+01
3.873679690124463804e+01
3.759391571051846626e+01
3.741173855448084851e+01
3.890397224424093992e+01
3.755769549498934623e+01
3.709172099176956294e+01
3.595639793783027471e+01
3.884768594213137760e+01
3.629925202169363985e+01
3.647594531340232038e+01
3.560327938062561515e+01
3.715331173342706705e+01
3.594284195012679106e+01
3.886616663857539322e+01
3.756196935401798243e+01
3.706448969007695382e+01
3.852254217974004291e+01
3.734508394934095321e+01
3.819179093284486015e+01
3.937539282376253880e+01
3.797700686420677840e+01
3.827658316524124160e+01
3.793375858179849303e+01
3.832409944625604226e+01
4.177768306933671028e+01
3.733129593269158875e+01
3.980481952104304355e+01
3.923603083008365644e+01
3.850183449508804046e+01
4.009705071690181200e+01
4.062215767819053980e+01
3.871387877238488073e+01
3.926050318355611068e+01
3.876194839485555121e+01
3.975284699284524947e+01
3.967069073858478134e+01
3.955384857203836901e+01
4.003081558695145503e+01
4.023794757010978884e+01
4.132574269525175481e+01
3.925953704510732933e+01
3.977623650711128533e+01
4.230122743937053542e+01
3.974535758750094061e+01
4.133483247200756949e+01
3.935081548815710306e+01
4.076997091981569810e+01
4.005883846284817196e+01
4.059625175641394179e+01
4.000371759595682164e+01
4.153726016759440398e+01
4.050745097635502390e+01
4.031366796944646325e+01
4.091331802902643489e+01
3.985003864359781289e+01
3.807538520093552137e+01
3.852019007526629935e+01
3.925598838320652106e+01
4.184146188238029396e+01
4.299893010859179299e+01
3.986354728894323785e+01
4.096034971405881464e+01
4.019249494108074572e+01
4.102213445004301207e+01
3.962969085144391812e+01
4.107306663299016236e+01
4.014256808365966123e+01
3.967459181671308954e+01
4.010617553315015726e+01
3.881166135776782511e+01
4.129000559651263558e+01
4.018760454857976328e+01
4.251359788206203660e+01
4.232930366734868954e+01
4.290116198539410419e+01
4.146370266013803985e+01
4.301434968927262759e+01
4.326514296223469813e+01
4.172110291022744377e+01
4.196531507030035613e+01
4.333785395701399779e+01
4.233066310893744344e+01
4.138795087517854654e+01
4.299740146150261921e+01
4.338921615619722161e+01
4.147813896317308036e+01
4.254017119764607457e+01
4.223828384147608972e+01
4.336137118877154961e+01
4.172654629030134288e+01
4.359455229891821659e+01
4.350984885433658889e+01
4.232480572608292846e+01
4.198339137969934143e+01
4.123738971482360682e+01
4.367873518992798409e+01
4.170940044063645757e+01
4.229347993290837593e+01
4.446341944908962773e+01
4.382903311321940976e+01
4.342139637299526811e+01
4.333713192056104191e+01
4.287017177958995973e+01
4.160253439759576821e+01
4.331411390867952349e+01
4.184722943965481790e+01
4.498114545562626176e+01
4.175961873376252242e+01
4.271330696779399005e+01
4.309036867935617465e+01
4.256454345267864880e+01
4.317087907626274301e+01
4.396195710681025304e+01
4.496335489651308848e+01
4.396078230282491006e+01
4.374918619877857395e+01
4.408223322410604084e+01
4.383246628169759163e+01
4.302894542115004128e+01
4.364485897922815383e+01
4.498245323617703662e+01
4.415584652366844409e+01
4.403469874450578203e+01
4.388745322750452260e+01
4.458856008489711087e+01
4.458267631612440596e+01
4.469846783533296275e+01
4.398924146694196935e+01
4.185701120129226638e+01
4.315017982453868228e+01
4.383842144059862278e+01
4.315363567563799307e+01
4.472074878362094097e+01
4.344859448419488501e+01
4.201276552985179791e+01
4.476543684158880154e+01
4.414318020121449138e+01
4.445773983162304432e+01
4.277296598390121574e+01
4.392892583378795734e+01
4.428434500338371294e+01
4.465040045168319693e+01
4.564062620770990719e+01
4.436795588061840334e+01
